252
253
254
255
256
257
258
259
260
261
262
263
264
304
305
346
365
366
367
368
369
370
371
372
373
374
375
450
451
452
453
454
455
456
457
458
459
460
461
462
463
464
601
602
603
604
605
606
607
608 	
609 	
610 	
611 	
612 	
613 	
614 	
615 	
616 	
617 	
618
2010 
2011 
2012 
2013 
2014 
2015 
2201
2202
2203
2204
2205
2206
2207
2208
2209
2210
2211
2212
2213
2214
2215
2216
2217
2218
2219
2220
2221
2222
2223
2224
2225
2226
2227
2228
2229
2230
2231
2232
2233
2301	
2302	
2303	
2305	
2306	
2307	
2308	
2309	
2310	
2311	
2312	
2313	
2314	
2315	
2316	
2317	
2318	
2319	
2320	
2321	
2322	
2323	
2324	
2325	
2326	
2327	
2328	
2329	
2330	
2331	
2332	
2333	
2334	
2335	
2336	
2337	
2338	
2339	
2340	
2341	
2342	
2343	
2344	
2345	
2346	
2347	
2348	
2349	
2350	
2351	
2352	
2353	
2354	
2355	
2356	
2357	
2358	
2359	
2360	
2361	
2362	
2363	
2364	
2365	
2366	
2367	
2368	
2401	
2402	
2403	 
2404	
2405	 
2406	
2407	
2408	
2409	
2410	
2411	
2412	
2413	
2414	
2415	 
2416	
2417	
2418	
2419	
2420	
2421	
2422	
2423	
2424	 
2425	
2426	 
2427	
2428	
2429	
2430	
2431	
2432	
2433	
2434	
2435	
2436	
2437	
2438	
2439	
2440	
2441	
2442	
2443	
2444	
2445	 
2446	
2447	
2448	
2449	
2450	
2451	
2452	
2453	 
2454	
2455	
2456	
2457	
2458	 
2459	
2460	 
2461	
2462	
2463	
2464	
2465	
2466	
2467	
2468	 
2469
2501
2502
2503
2504
2505
2506
2507
2508
2509
2510
2511
2512
2513
2514
2515
2516
2517
2518
2519
2520
2521
2522
2523
2524
2525
2601
2602	 
2603	
2604	
2605	
2606	
2607	
2608	
2609	 
2610	
2611	 
2612	
2613	
2614	
2615	
2616	
2617	
2618	
2619	 
2620	
2621	
2622	
2623	 
2624	 
2625	
2626	 
2627	
2628	
2629	
2630	
2631	
2632	
2633	
2634	
2635	
2636	
2637	
2638	 
2639	 
2640	
2641	 
2642	 
2643	
2644	
2645	
2646	 
2647	
2648	
2649	
2650	
2651	
2652	
2653	
2654	
2655	
2656	
2657	
2658	
2659	 
2660	
2661	
2662	
2701	
2702	
2703	
2704	
2705	
2706	
2707	
2708	
2709	
2710	
2711	
2712	
2713	
2714	
2715	
2716	
2717	
2718	
2719	
2720	
2721	
2722	
2723	
2724	
2725	
2726	
2727	
2728	
2729	
2730	
2731	
2732	
2733	
2734	
2735	
2736	
2737	
2738	
2739	
2740	
2741	
2742	
2743	
2744	
2745	
2746	
2747	
2748	
2749	
2750	
2751	
2752	
2753	
2754	
2755	
2756	
2757	
2758	
2759	
2760	
2761	
2762	
2763	
2764	
2765	
2766	
2767	
2768	
2769	
2770	
2771	
2772	
2773	
2774	
2775	
2776	
2777	
2778	
2779	
2780	
2781	
2782	
2783	
2784	
2785	
2786	
2787	
2788	
3001	
3002	
3003	
3004	
3005	
3006	
3007	
3008	
3009	
3010	
3011	
3012	
3013	
3014	
3015	
3016	
3017	
3018	
3019	
3020	
3021	
3022	
3023	
3024	
3025	
3026	
3027	
3028	
3029	
3030	
3031	
3032	
3033	
3034	
3035	
3036	
3037	
3038	
3039	
3040	
3041	
3042	
3043	
3044	
3045	
3046	
3047	
3048	
3049	
3050	
3101	
3102	
3103	
3104	
3105	
3106	
3107	
3108	
3109	
3110	
3111	
3112	
3113	
3114	
3115	
3116	
3117	
3118	
3119	
3120	
3121	
3122	
3123	
3124	
3125	
3126	
3127	
3128	
3129	
3130	
3131	
3132	
3133	
3134	
3135	
3136	 
3137	
3138	
3139	
3140	 
3141	
3142	
3143	
3144	
3145	
3146	
3147	
3148	
3149	
3201	
3202	
3203	
3204	
3205	
3206	
3207	
3208	
3209	
3210	
3211	 
3212	
3213	
3214	
3215	
3216	
3217	
3218	
3219	
3220	
3221	
3222	
3223	
3224	
3225	
3226	 
3227	
3301	
3302	
3303	
3304	
3305	
3306	
3307	
3308	
3309	
3310	
3311	
3312	
3313	
3314	
3315	
3316	
3317	
3318	
3319	
3320	
3321		
3351	
3352	
3353	
3354	
3355	
3356	
3357	
3358	
3359	
3360	
3361	
4052	
4053	
4054	
4055	
4056	
4057	
4058	
4059	
4060	
4061	
4062	
4063	
4064	
4065	
4066	
4067	
4068	
4069	
4070	
4071	
4072	
4073	
4074	
4075	
4076	
4077	
4078	
4079	
4080	
4081	
4082	
4083	
4084	
4085	
4086	
4088	
4089	
4090	
4091	
4092	
4093	
4094	
4095	
4096	
4097		
4201	
4202	
4205	
4206	
4207	
4209	
4210	
4211	
4212	
4213	
4214	
4215	
4216	
4217	
4218	
4219	
4220	
4221	
4222	
4223	
4224	
4225	
4226	
4227	
4228	
4229	
4230		
4231	
4233	
4234	
4235	
4236	
4237	
4238	
4239	
4241	
4243	
4244	
4245	
4246	
4248	
4249	
4250
4301
4302
4303
4304
4305
4306
4307
4321
4322
4331
4332
4341
4342
4343
4344
4345
4346
4532
4533
4534
4535
4536
4537
4538
4539
4540
4737
4738
4772
4775
4776
4777
4778
4781
4932
4933
4934
4935
4936
4939
4971
4973
4974
4982
4992
4993
5031 	
5032 	
5033 	
5034 	
5035
5038
5039
5041 
5042 
5043 
5044 
5045 
5046 
5047 
5048 
5049
7301	
7302	
7303	
7304	
7305	
7306	
7307	
7308	
7309	
7401	
7402	
7403	
7404	
7405	
7406	
7407
7501 			
7502 			
7503 			
7504
7505 			
7506 			
7507 			
7510 			
7511 			
7513 			
7515 			
7519 			
7521 			
7522 			
7526 			
7527 			
7528 			
7529 			
7530 			
7533 			
7534 			
7536
7538 			
7540 			
7541 			
7542 			
7543 			
7544 			
7548 			
7608 			
7609 			
7612 			
7614 			
7616 			
7617
7618 			
7620 			
7623 			
7625
7631 			
7632 			
7635 			
7637 			
7639 			
7645 			
7646 			
7647 			
7649
7650
7701
7702
7703
7705
7706
7707
7708
7710
8001
8002
8003
8004
8005
8006
8007
8008
8009
8010
8011
8012
8013
8014
8015
8016
8017
8018
8019
8020
8021
8022
8023
8024
8025
8026
8027
8028
8029
8030
8031
8032
8033
8034
8035
8036
8037
8038
8039
8040
8041
8042
8043
8044
8045
8046
8047
8048
8049
8050
8051
8052
8053
8054
8055
8056
8057
8058
8059
8060
8061
8062
8063
8064
8065
8066
8067
8068
8069
8070
8071
8072
8073
8074
8075
8076
8077
8078
8079
8080
8081
8082
8083
8084
8085
8086
8087
8088
8089
8090
8091
8092
8093
8094
8095
8096
8097
8098
8099
8100
8608	
8610	
8614	
8615	
8621	
8624	
8628	
8632	
8633	
8635	
8636	
8637	 
8638	
8639	
8640	
8641	
8642	
8644	
8645	
8646	
8647	
8648	
8649	
8651	
8652	
8653	
8654	
8655	
8656	
8657	
8658	
8659	
8660	
8661	
8662	 
8663	
8664	
8665	
8666	
8667	
8670	
8671	
8672	
8674	
8675	
8676	
8701	
8702	
8703	
8705	
8707	
8709	
8711	
8713	
8715	
8717	
8719	
8721	
8723	
8726	
8727	
8729	
8730	
8731	
8732	
8733	
8734	
8735	
8736	
8737	
8738	
8739	
8740	
8741	
8742	
8743	
8745	
8746	
9401	
9402	
9403	
9404	
9405	
9406	
9407	
9409	
9411	
9412	 
9413	
9416	
9417	
9418	
9419	
9420	
9422	
9423	
9425	
9426	
9427	
9430	
9431	
9434	 
9443	
9450	
9468	
9469	 
9473	
9477	
9478	
9479	
9480	
9481	
9504	
9506	
9508	
9510	
9512	
9514	
9516	
9518	
9520	
9522	
9524	
9525	
9528	
9544	
9547	
9548	
9549	
9550	
9551	
9552	
9553	
9554	
9555	
9556	
9557	
9558	
9559	
9560	
9561	
9562	
9563	
9564	
9565	
9566	
9567	
9568	
9569	
9570	
9571	
9572	
9573	
9574	
9575	
9576	
9577	
9578	
9579	 
9580	
9581	
9582	
9583	
9584	
9585	
9586	
9587	
9588	
9589	
9590	
9591	
9592	
9593	
9594	
9595	
9596	 
9597
15116
15701
15702
15703
15704
15705
15706
15707
15708
15709
15710
15711
15712
16115
16118
16121
16122 
16123
16233
16234
16235 
16271
16273
16424
16437
16438
16448
16466
16467
16470
16472 
16424
16475
16476
16477
16478
16481
16501
16505
16506
16508
16511
16512
186001
186002
186003
186004
186005
186006
186007
186008
186009
186010
186011
186012
186013
186014
186015
186016
186017
186018
186019
186020
186021
186022
186023
186024
186025
186026
186027
186028
186029
186030
186031
186032
186033
186034
186035
186036
186037
186038
186039
186040
186041
186042
186043
186044
186045
193263
193499
193500
193733
193735
193737
193759
193766
193931
193932
193934
193935
193936
193939
193948
193956
